-1.000000000000000000e+01 -4.390426013229176139e-01
-9.591836734693877986e+00 -3.189667908054880097e-01
-9.183673469387755972e+00 2.004828407915744570e+00
-8.775510204081632182e+00 4.639439762095932451e+00
-8.367346938775510168e+00 4.767216335054823340e+00
-7.959183673469388154e+00 1.370103926227324243e+00
-7.551020408163265252e+00 1.892436468316816667e+00
-7.142857142857142350e+00 -9.563792548184524289e-01
-6.734693877551020336e+00 -2.363162465167243376e+00
-6.326530612244898322e+00 -2.483274021617687843e+00
-5.918367346938775420e+00 -2.332471415818157645e+00
-5.510204081632652517e+00 2.947847944942814102e-01
-5.102040816326530503e+00 1.339794521507563285e+00
-4.693877551020408490e+00 2.228426465423072322e+00
-4.285714285714285587e+00 3.313268350175495591e+00
-3.877551020408162685e+00 2.923335189531948153e+00
-3.469387755102040671e+00 2.863223291512049684e+00
-3.061224489795918657e+00 -5.539136073281716310e-01
-2.653061224489795755e+00 -1.626891310025923021e+00
-2.244897959183672853e+00 -3.680509816781218468e+00
-1.836734693877550839e+00 -5.239078826820410484e+00
-1.428571428571428825e+00 -9.163425280739250223e-01
-1.020408163265305035e+00 9.809386765209219261e-01
-6.122448979591830209e-01 1.018478020777016102e+00
-2.040816326530610070e-01 5.034931559183375427e+00
2.040816326530610070e-01 1.310811260597003036e+00
6.122448979591830209e-01 1.806401558484904246e+00
1.020408163265306811e+00 -7.068137236442510740e-02
1.428571428571428825e+00 -3.718190915582808564e-02
1.836734693877550839e+00 -1.216730241086046327e+00
2.244897959183674629e+00 -2.671466651782575585e+00
2.653061224489796643e+00 -1.561796492074647880e+00
3.061224489795918657e+00 -1.236541091192483455e+00
3.469387755102040671e+00 -6.116522498694831889e-01
3.877551020408162685e+00 2.241748712831528323e+00
4.285714285714286476e+00 3.025754086534049758e+00
4.693877551020408490e+00 3.337042129657964651e+00
5.102040816326530503e+00 1.781136645144981268e+00
5.510204081632654294e+00 -1.546815529876650608e+00
5.918367346938776308e+00 -2.778817737554374112e+00
6.326530612244898322e+00 -3.942425488623152674e+00
6.734693877551020336e+00 -3.679961550552660832e+00
7.142857142857142350e+00 -2.511292237145767103e+00
7.551020408163264364e+00 2.893123446023011969e+00
7.959183673469389930e+00 1.837729624352087976e+00
8.367346938775511944e+00 2.461584043293669311e+00
8.775510204081633958e+00 1.145751202844542682e+00
9.183673469387755972e+00 1.803580779641915655e+00
9.591836734693877986e+00 -2.333021846730662929e+00
1.000000000000000000e+01 -2.415835227504550264e+00
